38 3.16658 -28.1946 0.0699368 12.3 19.8214
85 3.16669 -37.1565 0.07948 15.981 14.7962
90 3.17068 -314.383 0.11775 3.31088 3.84223
98 3.16707 -64.1134 0.088476 14.687 8.16282
116 3.17756 -622.575 0.1875 3.57236 5.90319
118 3.16691 -49.3382 0.088939 19.0009 11.0855
133 3.16661 -30.4028 0.0754928 14.4222 19.9073
167 3.16648 -19.8224 0.0586149 12.3736 19.7223
188 3.18163 -853.852 0.203769 3.6837 4.18834
208 3.16799 -131.447 0.105677 5.65091 9.43366
212 3.16679 -41.1988 0.0722276 15.8068 8.21915
234 3.16644 -18.4962 0.0580538 16.9727 16.141
240 3.17393 -450.451 0.140817 2.15092 5.34529
251 3.17413 -526.791 0.133068 2.59815 2.62146
253 3.16975 -261.527 0.126778 6.82037 4.05151
264 3.16745 -92.4381 0.10067 8.04065 11.5471
291 3.16725 -75.0783 0.0948523 14.8882 7.74191
306 3.17092 -344.523 0.137133 3.73558 5.39001
324 3.17293 -413.149 0.15809 7.92642 3.3682
366 3.20907 -2553.81 0.227078 1.9491 1.01343
385 3.17229 -392.797 0.129893 2.51072 4.5302
387 3.18313 -1072.74 0.195983 4.071 1.99937
432 3.16828 -153.656 0.114052 6.06286 8.77758
435 3.1702 -288.384 0.137953 6.10938 5.18554
464 3.1983 -2076.87 0.230051 2.04638 1.66478
469 6.17153 -79636.7 0.82402 0.239712 0.128283
474 3.56832 -17174.9 0.447035 0.511438 0.521588
490 3.16881 -202.586 0.11686 6.47489 5.16927
492 3.26403 -5528.78 0.292725 1.02709 0.831197
507 3.90976 -27665.0 0.542791 0.537654 0.346377
511 3.23735 -4048.9 0.285387 1.19316 1.40197
515 3.16652 -24.7099 0.0671608 14.5463 18.7463
516 3.22711 -3610.91 0.265725 1.14475 1.36637
534 6.71971 -90097.5 0.876004 0.157624 0.131886
557 3.17514 -600.253 0.165561 2.8315 4.62956
587 3.29198 -6733.81 0.317481 1.14255 0.693854
606 3.93818 -28854.6 0.5292 0.43861 0.294783
624 8.41605 -117662.0 0.995486 0.117182 0.0896172
649 3.18878 -1245.26 0.196749 4.43407 1.34407
662 3.90761 -26915.6 0.55257 0.575594 0.39791
666 3.2108 -2659.41 0.233263 1.11507 1.56734
697 4.30157 -38625.3 0.600892 0.319124 0.2721
700 3.17779 -831.346 0.164575 2.46472 2.53122
715 3.19335 -1559.05 0.214598 3.81222 1.36867
720 3.20946 -2611.85 0.25452 1.98098 1.58713
736 3.31825 -7689.51 0.344141 1.26984 0.675398
752 5.92097 -73880.7 0.787213 0.258279 0.126666
825 3.78982 -23943.0 0.518857 0.613054 0.39049
833 6.68183 -90037.9 0.888238 0.213918 0.12772
863 3.57869 -17636.4 0.445556 0.675583 0.403934
870 4.85559 -52267.5 0.686252 0.281637 0.214256
875 8.24404 -116190.0 0.996301 0.134728 0.0923739
879 4.85485 -52248.4 0.688295 0.28909 0.215849
884 3.59975 -18314.0 0.442726 0.460706 0.436334
893 3.21301 -2705.43 0.255307 1.32197 1.99511
904 3.81199 -24429.7 0.528131 0.574365 0.420005
910 3.2854 -6505.18 0.307087 0.889285 0.76565
945 7.84485 -110976.0 0.997973 0.159161 0.114088
977 8.08758 -114370.0 0.995885 0.15181 0.0962933
1006 15.5591 -137609.0 0.99731 0.0544351 0.0277359
1014 5.31753 -62222.9 0.733802 0.289938 0.159807
1070 4.50324 -42726.5 0.59961 0.279279 0.196688
1095 7.99301 -112782.0 0.996542 0.133151 0.110917
1104 5.25986 -61201.7 0.729853 0.228807 0.186099
1121 3.16641 -15.1485 0.0528686 15.8399 17.7136
1148 43.39 -146692.0 0.999984 0.010769 0.0121029
1149 4.23315 -36798.3 0.598809 0.420043 0.273422
1157 3.24823 -4738.72 0.276267 1.02624 0.923863
1159 9.38433 -124759.0 0.998847 0.0995303 0.0648589
1165 5.11936 -58284.6 0.721995 0.26709 0.197295
1217 3.1664 -14.9423 0.054241 16.3464 19.592
1265 4.59864 -45784.1 0.65543 0.397216 0.221673
1289 6.88636 -93437.8 0.889816 0.175746 0.117208
1314 4.54792 -43942.1 0.653065 0.465648 0.22891
1323 8.59318 -119563.0 0.998359 0.115751 0.0830989
1324 14.9685 -137367.0 0.999025 0.0435536 0.0323348
1325 9.65741 -125735.0 0.999432 0.0799545 0.0666138
1332 7.4488 -103817.0 0.956144 0.192933 0.109326
1334 7.58363 -105809.0 0.991783 0.16539 0.137628
1339 3.81291 -24784.2 0.484604 0.384134 0.311963
1371 7.45052 -103957.0 0.975558 0.198809 0.124009
1372 4.2099 -36258.9 0.581021 0.395285 0.248653
1380 6.85021 -92773.2 0.889154 0.163156 0.125009
1382 4.55759 -44902.0 0.651964 0.31088 0.262492
1415 10.6355 -129518.0 0.998386 0.0730757 0.0524969
1419 8.81377 -120410.0 0.995886 0.0951771 0.0832758
1422 6.35288 -83681.2 0.859128 0.188575 0.152711
1426 3.5878 -17946.1 0.435402 0.573013 0.374664
1431 7.82242 -110502.0 0.993677 0.153342 0.114953
1445 3.8312 -25244.9 0.485656 0.399427 0.291308
1451 3.22167 -3129.27 0.273422 1.48129 1.79337
1457 4.45089 -41984.9 0.604148 0.329306 0.20368
1472 651.113 -151694.0 0.999996 0.00129421 0.000580006
1473 350.735 -151314.0 0.999586 0.00138987 0.00138966
1479 4.7106 -48874.9 0.667706 0.307955 0.223443
1498 7.52997 -104787.0 0.99155 0.21771 0.127324
1501 7.19571 -99321.3 0.932407 0.198757 0.113482
1502 11.8376 -132533.0 0.999955 0.0562183 0.0466552
1540 380.935 -151397.0 0.99957 0.00161768 0.00109146
1542 7.60108 -106063.0 0.966923 0.201517 0.103148
1572 6.96687 -93953.7 0.936622 0.274342 0.130976
1598 3.6884 -21313.1 0.478976 0.480412 0.41578
1635 3.16645 -19.5945 0.0638875 18.8763 19.0714
1644 7.35004 -101489.0 0.936256 0.198413 0.103846
1663 4.37383 -40364.8 0.605693 0.37909 0.222727
1667 7.45977 -104107.0 0.978432 0.191092 0.128041
1676 10.2337 -128317.0 0.998675 0.0830309 0.0547066
1714 7.74376 -109202.0 0.999335 0.179703 0.119085
1715 9.49895 -125215.0 0.999957 0.085397 0.0676511
1730 4.29168 -37406.9 0.571233 0.375774 0.204047
1740 3.1663 -0.00815736 0.00123315 19.0887 19.8648
1741 3.1663 -7.27946e-05 6.3442e-05 19.0493 19.8558
1752 7.65135 -106878.0 0.995237 0.156515 0.136931
1766 9.58086 -125271.0 0.995738 0.0914069 0.0627587
1812 3.52478 -15780.0 0.424858 0.709853 0.419896
1813 5.42033 -64029.0 0.753357 0.327485 0.157359
1830 3.40052 -11345.5 0.373002 0.684104 0.551653
1832 4.72075 -49101.0 0.660843 0.291319 0.211469
1836 3.1663 -0.00129642 0.000445265 19.2467 19.9773
1842 5.31025 -61686.0 0.750227 0.34858 0.173332
1854 12.6502 -134211.0 0.999414 0.0690781 0.0368995
1876 4.63886 -46666.3 0.653804 0.391569 0.204445
1910 7.65713 -107526.0 0.997034 0.181071 0.126628
1928 7.22301 -99958.1 0.942672 0.201929 0.118092
1943 8.12321 -114703.0 0.994001 0.146481 0.0946506
1960 6.64316 -88607.6 0.899857 0.262958 0.135791
2006 6.21408 -80992.2 0.833665 0.216301 0.135725
2027 7.56385 -104993.0 0.978546 0.142786 0.138176
2040 3.3861 -10351.3 0.367297 1.03848 0.493054
2043 10.7474 -130002.0 0.999504 0.0852586 0.0481445
2075 7.61454 -106597.0 0.978607 0.149138 0.12611
2081 3.62662 -19114.5 0.471763 0.559425 0.484273
2084 8.77273 -120388.0 0.996582 0.139349 0.0713872
2126 3.1663 -0.0345788 0.00262944 19.1917 19.7399
2146 4.15839 -34141.5 0.582039 0.540371 0.256206
2210 3.41986 -12097.1 0.384609 0.654394 0.555975
2219 3.46859 -13903.4 0.399849 0.615119 0.479132
2221 5.98089 -76493.4 0.814835 0.21049 0.153362
2306 7.31782 -101435.0 0.962079 0.215623 0.122538
2311 6.04526 -77400.7 0.839309 0.216396 0.174836
2349 7.3787 -102876.0 0.958071 0.171366 0.123332
2356 4.50262 -42535.8 0.597929 0.255644 0.20484
2368 3.51353 -15436.4 0.419977 0.529702 0.501282
2371 3.59162 -17978.5 0.434861 0.59298 0.362179
2406 7.94662 -112497.0 0.995376 0.161025 0.103025
2410 62.4942 -148459.0 0.999654 0.00818162 0.00754957
2411 8.85806 -121614.0 0.999335 0.123602 0.0722048
2420 4.98773 -55335.1 0.703977 0.27988 0.201983
2438 5.60835 -68068.3 0.779818 0.199629 0.19431
2451 9.33816 -123710.0 0.993445 0.0914922 0.0677228
2452 3.34622 -9164.36 0.356151 0.867908 0.664961
2459 5.52984 -67104.0 0.769731 0.22612 0.180286
2493 4.93179 -53592.5 0.691622 0.237944 0.220205
2513 7.07526 -97033.9 0.940931 0.224662 0.128722
2519 23.4161 -143100.0 0.999912 0.0278211 0.0185021
2521 3.90943 -27541.3 0.543665 0.561628 0.345042
2524 11.4532 -131965.0 0.999656 0.0681289 0.0453927
2534 5.78529 -72062.7 0.813592 0.28041 0.171891
2561 3.26761 -5576.7 0.295557 1.26391 0.734426
2565 4.00031 -30349.7 0.537763 0.463845 0.264209
2568 5.74253 -71160.5 0.811089 0.26881 0.181712
2577 3.16642 -17.3404 0.0608358 19.6197 19.3099
2591 9.62861 -125308.0 0.995248 0.0853793 0.0639299
2602 3.83697 -25483.9 0.527715 0.469086 0.41331
2640 129.487 -150246.0 0.999983 0.00829555 0.00281433
2644 9.44088 -124939.0 0.998073 0.0994044 0.0635889
2649 32.5832 -145473.0 0.999852 0.0257907 0.0119245
2681 6.28374 -82508.8 0.853292 0.203702 0.150569
2685 3.2998 -7089.6 0.334 0.950519 0.881575
2688 3.16632 -4.55683 0.0306981 18.7699 19.0731
2708 6.3943 -84485.5 0.873729 0.232963 0.148648
2724 9.19465 -123070.0 0.993559 0.10614 0.0664881
2725 3.7153 -21934.4 0.493704 0.622304 0.385994
2737 9.79272 -126178.0 0.99966 0.0755372 0.0661645
2756 3.32636 -7742.12 0.349206 1.46603 0.635567
2793 3.32988 -8201.78 0.359764 0.978315 0.853952
2803 14.6647 -137015.0 0.998869 0.0451357 0.0330207
2804 4.47774 -42269.4 0.630667 0.262915 0.287251
2824 3.16635 -8.80976 0.0417706 18.9579 17.2405
2828 3.16645 -19.3906 0.0626927 19.6269 17.3833
2850 21.3933 -142012.0 0.998911 0.0350107 0.0194802
2881 4.43992 -41698.2 0.624343 0.433517 0.220286
2884 3.3611 -9604.18 0.344831 0.800555 0.525715
2893 4.06288 -32311.9 0.565358 0.394598 0.314278
2900 3.16643 -17.927 0.0609151 18.5781 19.1325
2910 31.0821 -145026.0 0.999538 0.028477 0.0124049
2920 17.1332 -139190.0 0.999151 0.0523434 0.0242274
2927 4.46803 -42156.8 0.615051 0.405139 0.199823
2938 20.9952 -141658.0 0.998988 0.040699 0.0192268
2942 3.38989 -10840.9 0.383902 0.792115 0.656628
2956 12.0708 -132825.0 0.998267 0.0772201 0.0390138
2965 3.44085 -12706.2 0.405848 0.658724 0.634244
3000 4.79177 -50614.2 0.678136 0.270354 0.229195
3009 10.8359 -130043.0 0.999151 0.0900088 0.0465217
3020 3.16639 -14.2073 0.0545378 19.3653 18.8344
3047 4.75976 -49432.0 0.688825 0.374859 0.233262
3083 7.68215 -107713.0 0.99969 0.207981 0.11956
3125 13.3635 -135036.0 0.998666 0.0696294 0.0334293
3128 20.5171 -141396.0 0.999962 0.0457364 0.01938
3159 5.37178 -63800.8 0.744018 0.248483 0.170814
3197 5.1018 -57851.2 0.722181 0.294784 0.19391
3223 4.77322 -50241.6 0.668741 0.267756 0.217172
3225 6.15519 -78461.8 0.841604 0.171388 0.183783
3232 40.1279 -146573.0 0.999432 0.0216315 0.00952641
3239 4.09754 -33084.5 0.576901 0.460907 0.299527
3251 3.30669 -7467.32 0.325153 0.823443 0.747134
3282 8.48105 -118628.0 0.998346 0.133637 0.0823809
3283 265.135 -151214.0 0.999947 0.00302863 0.00143958
3302 6.5561 -87650.3 0.889584 0.215989 0.14657
3310 297.259 -151310.0 0.999942 0.00248042 0.00131176
3314 10.0201 -127329.0 0.997765 0.0949691 0.0548077
3336 6.48104 -85067.1 0.836886 0.175872 0.119951
3354 7.76366 -109622.0 0.990929 0.16812 0.113087
3361 3.18559 -1199.26 0.205161 3.94635 1.96048
3369 10.9555 -130074.0 0.999064 0.0962683 0.0447383
3370 19.0343 -140761.0 0.998918 0.0384877 0.0225142
3382 7.54385 -104811.0 0.996233 0.182588 0.142455
3386 6.02701 -77371.5 0.815867 0.208907 0.147243
3409 3.84111 -25774.0 0.52093 0.566547 0.333817
3420 7.47805 -104205.0 0.950462 0.178759 0.106176
3435 3.16631 -3.73915 0.0282279 19.3828 19.6679
3500 4.30079 -37873.2 0.622327 0.464521 0.291896
3538 7.49165 -104594.0 0.981672 0.200579 0.124989
3547 4.33024 -39237.9 0.590519 0.32204 0.230192
3557 3.19452 -1687.26 0.206124 2.90656 1.21929
3558 12.3453 -132922.0 0.994261 0.0605236 0.0404004
3566 5.34428 -62476.5 0.765391 0.25906 0.21823
3575 3.54235 -16316.8 0.428121 0.484377 0.496346
3581 5.36517 -63484.7 0.761682 0.27342 0.194009
3599 6.56395 -87955.8 0.879434 0.202661 0.137212
3608 12.4805 -133470.0 0.996633 0.0691465 0.0377398
3619 3.16631 -3.02708 0.0250875 19.3013 18.8232
3626 3.8123 -24516.9 0.510238 0.377735 0.431758
3639 3.16664 -31.6444 0.0782248 18.8645 16.3678
3697 4.52577 -43923.1 0.617191 0.317437 0.20047
3729 6.73265 -90732.1 0.903454 0.237319 0.131513
3731 3.1663 -0.115248 0.00490754 19.5592 19.9244
3760 8.32116 -116903.0 0.995352 0.137871 0.0872017
3762 70.0281 -148942.0 0.99995 0.0122995 0.005401
3772 3.73962 -22947.0 0.492461 0.472708 0.39029
3788 4.80941 -51097.7 0.675311 0.266466 0.216895
3825 3.38513 -10214.0 0.346537 0.805051 0.452107
3827 3.16648 -21.5128 0.067226 19.1661 19.1034
3842 5.15197 -58766.5 0.717764 0.30037 0.172624
3843 14.2802 -136579.0 0.999309 0.0455836 0.0346582
3851 4.58258 -45342.0 0.662559 0.367604 0.256188
3867 14.8581 -137340.0 0.999332 0.0538027 0.0300137
3868 8.51808 -118658.0 0.995281 0.11821 0.0843484
3869 3.28443 -6466.43 0.314621 1.08898 0.76208
3870 3.69552 -21353.8 0.488708 0.502069 0.448781
3877 8.63989 -119993.0 0.999174 0.112942 0.0825054
3914 7.25269 -100355.0 0.960426 0.203829 0.131574
3940 4.05987 -31924.8 0.564564 0.507405 0.281024
3949 3.16639 -14.5306 0.0550601 19.8417 18.2666
3958 3.28861 -6614.81 0.321827 1.15258 0.770569
4017 25.0414 -143318.0 0.999535 0.0362265 0.0155893
4037 4.20209 -35983.3 0.577303 0.321453 0.273454
4049 4.02881 -31223.0 0.552503 0.479937 0.276193
4050 6.1727 -79646.1 0.847777 0.280666 0.144175
4084 8.45515 -117670.0 0.999651 0.104924 0.0965258
4097 24.8189 -143153.0 0.997623 0.0251144 0.0176774
4123 22.2092 -142428.0 0.999029 0.0291642 0.0197076
4124 7.89362 -111807.0 0.999883 0.167989 0.108366
4162 4.78636 -50493.3 0.679773 0.345336 0.207625
4179 4.84017 -51203.6 0.695734 0.272291 0.254845
4264 10.2171 -128222.0 0.999211 0.0939154 0.0525354
4269 6.52558 -87135.8 0.880975 0.197259 0.147056
4270 7.93279 -112285.0 0.997392 0.170464 0.103014
4280 47.728 -147076.0 0.997254 0.0162772 0.00816307
4307 3.72336 -22395.6 0.474964 0.488384 0.338032
4334 9.12627 -122897.0 0.995609 0.112541 0.0669411
4343 3.22358 -3226.99 0.238606 1.63007 0.840137
4351 3.47839 -14221.3 0.417614 0.652156 0.543507
4365 3636.13 -152058.0 0.999946 0.000117292 0.000160856
4380 17.2588 -139661.0 0.999558 0.0393942 0.0261695
4388 6.85867 -93188.6 0.893452 0.180692 0.121099
4397 3.8373 -25593.2 0.525859 0.560312 0.362056
4456 9.10618 -122763.0 0.999307 0.131932 0.0649052
4500 3.77406 -23547.7 0.506027 0.421732 0.442076
4512 3.20449 -2378.61 0.236139 1.39795 1.8264
4513 5.23632 -60562.1 0.747687 0.303279 0.198091
4523 4.4335 -41607.2 0.617667 0.411326 0.214286
4540 16.8381 -138850.0 0.998693 0.0537326 0.0247054
4543 4.00868 -30891.7 0.548899 0.42265 0.296725
4549 3.38627 -10402.3 0.388064 0.760659 0.787177
4551 34.9991 -145910.0 0.999902 0.0155713 0.0131458
4563 8.26587 -116479.0 0.997953 0.146846 0.0887112
4564 55.0662 -148154.0 0.999955 0.00999513 0.00813234
4586 4.17188 -34306.3 0.545225 0.308055 0.232315
4603 12.5636 -133857.0 0.99779 0.0667474 0.0377157
4636 3.2455 -4639.08 0.283264 1.15774 1.00692
4645 4.78768 -50521.4 0.686234 0.328752 0.225695
4650 3.38579 -10327.8 0.391478 0.877446 0.765064
4673 5.20921 -60023.0 0.720089 0.280547 0.167193
4681 7.21219 -99841.8 0.939328 0.168816 0.125859
4682 24.6686 -143106.0 0.999942 0.0395844 0.0156516
4701 7.33768 -101488.0 0.958432 0.154559 0.138041
4714 8.81464 -121296.0 0.998546 0.119604 0.0741666
4743 3.99976 -30299.1 0.529941 0.414759 0.259501
4747 31.451 -145243.0 0.99946 0.0248822 0.012588
4751 3.26098 -5074.9 0.313201 1.5542 1.03869
4753 3.197 -2032.01 0.214966 1.76238 1.45695
4786 16.2456 -138685.0 0.998772 0.0436827 0.0277828
4795 4.60357 -46013.2 0.651629 0.280256 0.251547
4797 5.65694 -69380.3 0.800798 0.28205 0.181852
4812 3.18903 -1485.93 0.21245 2.04084 2.47391
4814 673.357 -151704.0 0.999934 0.00107876 0.000581396
4815 8.15578 -115342.0 0.998756 0.138788 0.0974086
4816 4.1959 -35910.1 0.580513 0.337042 0.278187
4817 3.9362 -28233.3 0.542412 0.588076 0.305176
4831 3.87061 -26794.5 0.513541 0.384304 0.338509
4833 4.32604 -38693.2 0.625206 0.382147 0.310384
4837 3.4164 -11931.2 0.392432 0.756655 0.58457
4853 3.1663 -0.664071 0.0119092 19.9722 19.5456
4857 4.96501 -54289.3 0.717193 0.318908 0.228431
4866 3.21492 -2905.42 0.251203 2.10989 1.11332
4871 7.05633 -96419.0 0.948744 0.216065 0.1433
4902 30.4233 -144552.0 0.997008 0.0255129 0.0130666
4915 3.99141 -29274.1 0.508085 0.341488 0.250126
4933 3.63403 -19427.8 0.448269 0.446731 0.398143
4942 8.29074 -116897.0 0.999268 0.13859 0.0900386
4947 6.92513 -93850.5 0.91086 0.23932 0.116593
4959 3.1663 -0.144629 0.00549084 19.4801 19.751
4966 7.75856 -109378.0 0.998565 0.16212 0.122864
4975 3.93681 -28470.4 0.549436 0.501212 0.352705
4988 6.76841 -91030.8 0.891367 0.234588 0.117772
5005 5.50032 -66458.3 0.775373 0.256865 0.185586
5057 3.1663 -0.0346397 0.00266081 19.8873 19.9058
5062 78.1963 -149249.0 0.999721 0.0103633 0.00489258
5078 3.16631 -2.20028 0.0217648 19.5459 19.9996
5084 25.6159 -143670.0 0.999043 0.0296381 0.0158431
5102 14.6935 -137133.0 0.999024 0.0527643 0.0307767
5116 4.72802 -49127.9 0.67046 0.28022 0.235101
5125 3.61669 -19017.3 0.455865 0.596706 0.395147
5151 3.16635 -8.9123 0.0426558 18.4681 18.7974
5175 4.40652 -41396.4 0.617083 0.317412 0.250412
5176 7.67472 -107679.0 0.993712 0.206525 0.115129
5179 3.21302 -2750.26 0.261892 1.96776 1.6087
5186 8.26108 -116274.0 0.998185 0.156613 0.0871236
5187 10.4221 -128437.0 0.995459 0.0859505 0.0512833
5188 2581.19 -152016.0 0.99998 0.000156172 0.000257316
5189 3979.1 -152059.0 0.999911 0.000109246 0.000142077
5207 8.35658 -117342.0 0.996892 0.139765 0.0857007
5213 11.5815 -132006.0 0.999036 0.0611206 0.0466925
5216 11.915 -132716.0 0.998052 0.0635679 0.0427965
5240 5.69467 -70623.6 0.794652 0.242151 0.173094
5265 3.8433 -25946.7 0.501976 0.466446 0.29689
5283 3.66624 -20655.8 0.472899 0.55396 0.39355
5295 3.19736 -2059.25 0.220766 1.76015 1.59177
5297 3.46634 -13796.4 0.401141 0.690655 0.463981
5304 9.0092 -122454.0 0.999937 0.128436 0.0676208
5305 8.57188 -119481.0 0.998784 0.125648 0.0809654
5364 3.1663 -1.10884 0.015361 19.9595 19.2805
5392 3.94348 -29039.4 0.536124 0.445268 0.308669
5393 3.20355 -2138.54 0.203415 1.1149 1.40069
5402 3.95163 -29042.5 0.540834 0.512382 0.298714
5403 3.84997 -26238.3 0.507741 0.468062 0.305404
5409 3.64985 -19995.8 0.454407 0.450781 0.391464
5436 4.10042 -33384.6 0.568547 0.421416 0.281005
5444 8.21631 -115958.0 0.999958 0.12791 0.0984564
5453 6.08939 -77457.3 0.849042 0.204036 0.191697
5456 246.964 -151113.0 0.999861 0.00367427 0.00150906
5457 11.9409 -132734.0 0.999971 0.0552499 0.0461811
5475 3.6412 -19688.4 0.449099 0.457274 0.381689
5482 3.49479 -14829.5 0.420294 0.600576 0.524878
5501 3.38079 -9990.56 0.349131 0.924474 0.454081
5512 453.486 -151539.0 0.999993 0.0010533 0.00109765
5513 15.4155 -137455.0 0.999784 0.0651156 0.0271036
5531 18.378 -139925.0 0.99716 0.0336214 0.0253307
5563 3.16635 -9.60116 0.0445727 18.766 19.0096
5576 10.4297 -128968.0 0.999696 0.0928292 0.0502472
5579 4.90327 -52998.5 0.705448 0.342281 0.218149
5592 3.1663 -0.0396853 0.00282057 19.8476 19.0392
5596 7.55583 -104907.0 0.990941 0.236292 0.120526
5612 3.3483 -9174.9 0.361877 0.822317 0.741117
5616 4.25238 -37172.9 0.578438 0.367886 0.229844
5618 3.39701 -10874.0 0.382481 1.02788 0.5349
5627 40.8722 -146635.0 0.999776 0.0125077 0.0117272
5641 3.30568 -7294.81 0.339094 0.913081 0.904766
5659 3.1663 -0.196416 0.00640149 19.7027 19.3882
5677 3.16633 -7.58885 0.0398582 19.2061 19.0557
5731 4.02921 -31262.5 0.543035 0.43222 0.263795
5732 7.70508 -108602.0 0.988377 0.177343 0.113966
5736 13.0736 -135029.0 0.999415 0.0608903 0.0361314
5749 235.735 -151053.0 0.999821 0.00210326 0.00203491
5751 5.02442 -55644.5 0.707004 0.346838 0.1807
5785 6.41133 -84729.6 0.87606 0.240287 0.147003
5793 41.65 -146688.0 0.998247 0.0168644 0.00967207
5822 3.45916 -13445.9 0.391166 0.667442 0.446335
5854 4.64733 -46803.1 0.659149 0.403779 0.209014
5859 5.9284 -74398.9 0.783015 0.187886 0.138193
5868 3.4629 -13661.8 0.41075 0.732193 0.519719
5883 8.0369 -113232.0 0.990527 0.131106 0.104143
5886 7.6931 -108130.0 0.996954 0.166302 0.12757
5907 4.55235 -44720.7 0.649346 0.395963 0.228951
5910 3.27581 -5810.67 0.309116 1.48149 0.726934
5922 4.44211 -41745.7 0.62156 0.425859 0.215567
5924 3.46511 -13662.0 0.395429 0.69166 0.441628
5942 28.9647 -144248.0 0.996862 0.0238941 0.0142675
5943 6.16047 -78897.4 0.864427 0.243121 0.183816
5975 3.16632 -5.26059 0.0331537 19.5767 18.6778
5995 3.16644 -18.7893 0.0623192 19.9059 17.8401
6022 4.9925 -55383.3 0.70925 0.285301 0.20903
6027 108.778 -150080.0 0.999865 0.00614031 0.00370843
6055 3.1665 -23.2346 0.0672261 18.5807 16.8471
6058 3.3524 -9309.6 0.355863 0.97627 0.586377
6075 7.02072 -96327.4 0.934599 0.198907 0.135312
6089 3.23586 -3860.19 0.271421 0.940579 1.45652
6090 16.511 -138829.0 0.999137 0.0374943 0.029098
6091 10.9636 -130661.0 0.999373 0.071635 0.0491591
6098 11.222 -131276.0 0.999578 0.0809648 0.0445363
6099 8.66835 -120291.0 0.999429 0.114791 0.0807746
6101 3.31358 -7618.69 0.317373 0.728609 0.679418
6103 4.17976 -35460.1 0.574743 0.334521 0.274862
6163 9.9407 -127285.0 0.999624 0.0967118 0.0557796
6166 3.32798 -8026.75 0.333767 1.15511 0.556409
6170 3.16632 -5.85508 0.0351435 19.577 19.0254
6172 7.72774 -108793.0 0.997682 0.163528 0.125116
6194 3.1663 -0.000444916 0.000231123 19.8138 19.262
6202 5.34959 -62812.7 0.758902 0.325427 0.180485
6205 13.7815 -136112.0 0.999963 0.0595034 0.0330999
6241 597.602 -151617.0 0.999928 0.00184853 0.000606978
6251 4.52166 -43568.3 0.656194 0.412461 0.2617
6293 3.23477 -3794.48 0.284397 1.17608 1.6147
6314 6.49983 -86635.0 0.867286 0.188356 0.138399
6336 5.81535 -72100.8 0.825431 0.255317 0.1966
6396 9.87728 -127028.0 0.999988 0.10048 0.0560533
6397 12.7611 -134561.0 0.999975 0.0548855 0.0396794
6421 7.17879 -98672.7 0.935389 0.151874 0.135245
6442 3.43728 -12407.4 0.390138 0.892683 0.454892
6444 55.4546 -148238.0 0.999999 0.0136808 0.0070449
6450 30173.3 -154044.0 0.999996 1.14813e-05 0.000111443
6453 3.16632 -4.72618 0.0314787 19.7464 18.6645
6460 3.16638 -13.3344 0.0526481 19.554 18.3998
6473 3.1663 -0.0791041 0.00407135 19.9445 19.9522
6489 3.16639 -14.1066 0.0546305 19.9553 18.6871
6491 3.54581 -16658.5 0.436945 0.583261 0.47058
6499 3.1663 -0.34416 0.00848476 19.9051 19.0348
6512 33.623 -145675.0 0.999448 0.0231603 0.0117428
6516 3.16639 -13.9061 0.0527624 18.474 18.0143
6527 6.35636 -83895.5 0.861917 0.226651 0.14185
6535 6.09125 -78426.6 0.832835 0.194124 0.164398
6553 8.07283 -114242.0 0.997561 0.156763 0.0968375
6558 7.79384 -109946.0 0.98765 0.150983 0.11373
6562 45.334 -146924.0 0.999892 0.0103579 0.0114849
6572 138.434 -150371.0 0.999407 0.00575365 0.00276535
6575 6.09064 -78416.4 0.81492 0.202672 0.138889
6638 3.1663 -0.286983 0.00779282 19.6713 19.7827
6649 5.94311 -75087.8 0.816188 0.286603 0.144062
6690 15844.5 -153039.0 0.999995 2.18525e-05 0.00022394
6694 6.2451 -81611.0 0.8547 0.242316 0.14743
6716 3.16657 -26.6563 0.0748706 19.9994 18.3408
6746 6902.27 -152358.0 0.999985 5.15564e-05 0.000200129
6747 26216.8 -153810.0 0.999999 1.31718e-05 0.000204025
6748 3.49116 -14471.8 0.423956 0.580978 0.596418
6764 20951.4 -153375.0 0.999994 1.65924e-05 0.000124871
6765 33748.4 -154352.0 0.999994 1.02322e-05 0.00015871
6769 3.3643 -9680.19 0.373885 0.778513 0.781143
6793 7.54981 -104895.0 0.996008 0.178269 0.143123
6794 5.12705 -58373.9 0.720893 0.298586 0.183469
6806 3.72712 -22548.9 0.480714 0.445319 0.37246
6813 8.15327 -115287.0 0.999718 0.134222 0.0998214
6847 878.302 -151797.0 0.999998 0.000581032 0.000531984
6860 12675.5 -152764.0 0.999992 2.77479e-05 0.000135862
6861 83038.1 -157856.0 0.999993 4.15152e-06 0.000151496
6869 5.07608 -56814.9 0.729797 0.333658 0.208395
6895 5.46678 -64982.4 0.779809 0.330632 0.184954
6901 18476.5 -153225.0 0.999999 1.87628e-05 0.000171108
6904 3.1663 -0.0816608 0.00412019 19.6463 19.902
6909 262.237 -151123.0 0.999814 0.00180392 0.00191959
6919 55362.1 -155920.0 0.999997 6.22522e-06 0.00042714
6934 177.646 -150835.0 0.999921 0.00348403 0.00233788
6936 55.8806 -148291.0 0.999995 0.012746 0.00711825
6940 8981.71 -152512.0 0.999998 3.9306e-05 0.000176625
6941 46583.7 -155304.0 0.999991 7.40357e-06 0.00018338
6943 4.61263 -46242.1 0.646773 0.269545 0.240331
6954 24604.5 -153675.0 0.999999 1.40614e-05 0.000157598
6958 18052.7 -153192.0 0.999993 1.92071e-05 0.000172279
6965 324630.0 -167781.0 0.999994 1.06154e-06 0.000282576
6966 63572.7 -156533.0 0.999988 5.42159e-06 0.000290002
6970 3.91289 -28119.1 0.532266 0.473478 0.317693
6976 258751.0 -166244.0 0.999999 1.33182e-06 0.000239298
6978 210155.0 -164601.0 0.999993 1.63983e-06 0.000181259
6979 36132.3 -154531.0 0.999993 9.55348e-06 0.000163957
6987 414.83 -151517.0 0.99994 0.00147496 0.00100553
6993 5.05103 -56560.1 0.721811 0.308454 0.206557
7000 10601.7 -152635.0 1.0 3.30829e-05 0.000174623
7007 5.82184 -73232.3 0.80462 0.252362 0.157115
7009 19177.2 -153281.0 0.999995 1.79976e-05 0.000321546
7021 40812.0 -154839.0 0.999998 8.44491e-06 0.00050397
7035 41895.9 -154941.0 0.999984 8.22689e-06 0.000415098
7043 3.16636 -11.0417 0.0482453 19.3234 19.1672
7054 460500.0 -169209.0 0.999994 7.48329e-07 0.000417025
7055 140289.0 -161392.0 0.999999 2.45654e-06 0.000228859
7070 67308.8 -156798.0 1.0 5.12125e-06 0.00021217
7071 28815.3 -154000.0 0.99999 1.19686e-05 0.000299985
7072 23580.7 -153530.0 0.999999 1.4777e-05 9.86107e-05
7079 69665.6 -156965.0 1.0 4.94732e-06 0.000281827
7082 20.0417 -141326.0 0.99958 0.029544 0.0233572
7086 48882.3 -155475.0 0.999998 7.05446e-06 0.000191587
7091 205540.0 -164434.0 1.0 1.67664e-06 0.000202566
7097 143168.0 -161548.0 0.999991 2.40707e-06 0.000314352
7101 441780.0 -169123.0 0.999999 7.80039e-07 0.000377248
7105 253701.0 -166074.0 0.999999 1.35835e-06 0.000183689
7108 25449.0 -153755.0 0.999998 1.3567e-05 0.000218931
7109 80160.1 -157636.0 0.999997 4.30151e-06 0.000124869
7112 15563.8 -153014.0 0.999978 2.22178e-05 0.000267165
7115 121175.0 -160302.0 0.999987 2.84409e-06 0.000223548
7116 119095.0 -160184.0 0.999997 2.89372e-06 0.00024692
7122 74959.8 -157334.0 1.0 4.59792e-06 0.000258549
7128 38209.9 -154698.0 0.999989 9.02543e-06 0.000233967
7131 116420.0 -160023.0 1.0 2.96024e-06 0.000242873
7140 51686.7 -155683.0 0.999996 6.67022e-06 0.00022113
7159 468455.0 -169250.0 0.999994 7.35623e-07 0.000296923
7160 3.40814 -11576.4 0.379782 0.809771 0.514163
7167 179646.0 -163319.0 1.0 1.91838e-06 0.000160566
7168 359800.0 -168327.0 0.999994 9.57777e-07 0.000213448
7169 350002.0 -168190.0 0.999996 9.84589e-07 0.000222488
7171 5.4718 -65122.5 0.77949 0.241349 0.213823
7176 200971.0 -164264.0 0.999998 1.71474e-06 0.00024946
7177 38910.2 -154728.0 1.0 8.8722e-06 0.000148565
7179 27.4533 -143856.0 0.999978 0.01804 0.0186673
7195 286281.0 -166974.0 0.999999 1.20374e-06 0.00029399
7199 127760.0 -160681.0 0.999999 2.69755e-06 0.000193626
7207 241018.0 -165703.0 0.999999 1.42982e-06 0.000227337
7211 3.1663 -1.27943 0.0165466 19.5825 19.8286
7213 3.1663 -0.163624 0.00583928 19.6699 19.4775
7220 11289.3 -152671.0 0.999956 3.0621e-05 0.000385384
7227 333504.0 -167936.0 0.999993 1.03329e-06 0.000343659
7230 70548.8 -157026.0 1.0 4.88583e-06 0.000220859
7231 229386.0 -165302.0 0.999999 1.50234e-06 0.00018807
7236 33474.3 -154347.0 0.999988 1.03069e-05 0.00021075
7237 37860.9 -154619.0 0.999997 9.12969e-06 0.000116685
7243 45239.5 -155185.0 1.0 7.61853e-06 0.000430517
7248 403640.0 -168842.0 0.999998 8.53745e-07 0.00036703
7250 73826.7 -157251.0 1.0 4.66828e-06 0.000311726
7253 131191.0 -160889.0 0.999997 2.62686e-06 0.000271118
7254 92344.3 -158505.0 0.999999 3.73222e-06 0.00023281
7257 389074.0 -168699.0 0.999998 8.85708e-07 0.000355034
7258 162.766 -150595.0 0.999888 0.00289625 0.00310872
7268 154007.0 -162114.0 0.999999 2.23771e-06 0.000212807
7269 187603.0 -163670.0 0.999993 1.837e-06 0.000162201
7274 317469.0 -167629.0 0.999993 1.08549e-06 0.000210602
7300 59873.0 -156263.0 1.0 5.75638e-06 0.000349807
7304 330868.0 -167875.0 0.999987 1.04153e-06 0.000213754
7305 75914.1 -157387.0 0.999999 4.53976e-06 0.000363152
7310 3.16633 -6.83134 0.0379122 19.842 18.6651
7315 329956.0 -167870.0 0.999989 1.0444e-06 0.000374435
7325 223440.0 -165105.0 0.999999 1.54231e-06 0.000208435
7333 459525.0 -169209.0 0.999999 7.49917e-07 0.000400067
7336 103366.0 -159217.0 1.0 3.33414e-06 0.000239827
7337 228746.0 -165294.0 0.999991 1.50653e-06 0.000225692
7338 18275.4 -153215.0 0.999999 1.89518e-05 0.000187989
7343 181430.0 -163421.0 0.999983 1.89946e-06 0.00020386
7352 433733.0 -169075.0 0.999999 7.94512e-07 0.000266953
7353 73507.3 -157186.0 0.999993 4.68825e-06 0.000490892
7358 221116.0 -165034.0 0.999997 1.5585e-06 0.000310414
7373 1859.77 -151952.0 0.999991 0.000226826 0.000321264
7374 189292.0 -163778.0 0.999999 1.82054e-06 0.000243978
7375 129640.0 -160767.0 0.999989 2.65855e-06 0.000158015
7377 313811.0 -167567.0 0.999996 1.09814e-06 0.000234656
7380 237527.0 -165588.0 0.999998 1.45081e-06 0.000390315
7381 68952.5 -156908.0 0.999995 4.99943e-06 0.000190601
7388 82188.9 -157817.0 0.999997 4.19392e-06 0.000184895
7389 89264.0 -158254.0 0.999991 3.86215e-06 0.000132586
7402 3.16684 -42.1548 0.0891779 16.2569 17.9298
7415 158283.0 -162324.0 1.0 2.17728e-06 0.000194235
7428 279795.0 -166809.0 0.999998 1.23164e-06 0.00036672
7444 445406.0 -169147.0 0.999999 7.73689e-07 0.000301348
7446 307470.0 -167441.0 0.99999 1.12078e-06 0.00036202
7448 165599.0 -162688.0 0.999996 2.08099e-06 0.000378688
7450 236809.0 -165563.0 0.999995 1.45521e-06 0.000396035
7452 94261.5 -158518.0 0.999999 3.65855e-06 9.49872e-05
7453 363328.0 -168393.0 0.999999 9.48473e-07 0.000324771
7454 278320.0 -166774.0 0.999999 1.23817e-06 0.000353146
7461 187434.0 -163660.0 0.999995 1.83866e-06 0.000158403
7463 135080.0 -161042.0 0.999996 2.55164e-06 0.000126943
7485 129887.0 -160768.0 1.0 2.65315e-06 0.000514783
7491 131035.0 -160877.0 0.999999 2.63004e-06 0.000224891
7493 221087.0 -165031.0 0.999998 1.5587e-06 0.000339124
7501 232899.0 -165423.0 1.0 1.47968e-06 0.00019035
7510 3.16631 -3.90079 0.0288822 19.5207 19.6659
7512 90483.7 -158375.0 0.999999 3.80921e-06 0.000193961
7513 193706.0 -163964.0 0.999984 1.77905e-06 0.000262986
7546 168703.0 -162844.0 0.999995 2.04275e-06 0.000233174
7552 306096.0 -167413.0 0.999999 1.12581e-06 0.000374934
7558 194684.0 -163999.0 0.999996 1.77013e-06 0.000215852
7561 167845.0 -162801.0 0.999987 2.05319e-06 0.000235719
7566 185094.0 -163594.0 0.99998 1.86183e-06 0.000269873
7568 373656.0 -168522.0 0.999999 9.22257e-07 0.000257586
7570 261999.0 -166336.0 0.999995 1.31531e-06 0.000243468
7578 330913.0 -167894.0 1.0 1.04138e-06 0.000328648
7581 5.7566 -71943.2 0.798137 0.230598 0.168239
7585 258467.0 -166241.0 1.0 1.33328e-06 0.000273461
7589 420578.0 -168982.0 0.999997 8.19365e-07 0.000258931
7615 14.0814 -136250.0 0.998728 0.0594924 0.0318722
7618 428809.0 -169037.0 1.0 8.03634e-07 0.000404875
7619 259054.0 -166253.0 0.999998 1.33025e-06 0.000360993
7629 209273.0 -164593.0 0.999998 1.6467e-06 0.000305482
7640 115234.0 -159938.0 0.999997 2.99087e-06 0.000184701
7642 94516.1 -158648.0 1.0 3.64631e-06 0.000275068
7643 19949.2 -153338.0 1.0 1.72981e-05 0.000328077
7651 31733.8 -154157.0 0.999998 1.08614e-05 0.000543661
7656 395548.0 -168757.0 1.0 8.71216e-07 0.000231097
7657 227670.0 -165258.0 0.999998 1.51363e-06 0.000377387
7661 4.84408 -51535.9 0.69834 0.358362 0.22237
7662 277238.0 -166742.0 0.999992 1.243e-06 0.000374585
7675 435763.0 -169086.0 0.999989 7.90811e-07 0.000268899
7676 4616.43 -152191.0 0.999999 7.79522e-05 0.000259122
7681 226416.0 -165222.0 0.999996 1.52202e-06 0.000283613
7683 75471.8 -157349.0 0.999999 4.56784e-06 0.000161369
7684 139670.0 -161355.0 0.999998 2.46744e-06 0.000212099
7688 272478.0 -166627.0 0.999999 1.26472e-06 0.000290556
7689 155546.0 -162188.0 1.0 2.21559e-06 0.000197654
7698 118.848 -150202.0 0.999922 0.00709434 0.0031835
7700 122627.0 -160366.0 0.999998 2.81062e-06 0.000161032
7703 335531.0 -167973.0 0.999997 1.02705e-06 0.000317305
7710 3.54385 -16573.8 0.434643 0.641066 0.438914
7718 212577.0 -164691.0 0.99999 1.62115e-06 0.000180375
7721 3.16635 -9.85314 0.0450575 18.1839 19.4259
7725 248422.0 -165892.0 0.999999 1.38718e-06 0.000554291
7732 193608.0 -163964.0 0.999999 1.77994e-06 0.00029594
7741 140877.0 -161422.0 0.999995 2.4462e-06 0.000332181
7744 215380.0 -164794.0 0.999998 1.60005e-06 0.000174675
7745 185001.0 -163592.0 0.999997 1.86275e-06 0.000323304
7768 290685.0 -167077.0 0.999998 1.1855e-06 0.000332792
7771 266000.0 -166451.0 0.999999 1.29552e-06 0.000266637
7772 154502.0 -162121.0 1.0 2.23062e-06 0.000170921
7773 213725.0 -164758.0 0.999997 1.61241e-06 0.000238028
7783 142198.0 -161498.0 1.0 2.4235e-06 0.000299832
7789 180404.0 -163382.0 0.999996 1.91026e-06 0.000215681
7790 163338.0 -162567.0 0.999996 2.10979e-06 0.000428607
7791 36573.8 -154547.0 1.0 9.44459e-06 0.000136869
7793 7.97297 -112568.0 0.999498 0.135559 0.113802
7796 108310.0 -159479.0 0.99998 3.18172e-06 0.000498491
7797 78827.3 -157551.0 1.0 4.37418e-06 0.000128402
7799 166380.0 -162735.0 1.0 2.07123e-06 0.00031876
7811 3.30417 -7254.47 0.318812 1.02162 0.632997
7812 52176.4 -155720.0 1.0 6.60654e-06 0.000273627
7821 325022.0 -167786.0 1.0 1.06026e-06 0.00025512
7826 5.1569 -59104.9 0.72848 0.267959 0.197157
7849 353864.0 -168257.0 0.999997 9.7384e-07 0.000259973
7851 90849.5 -158404.0 0.999999 3.79342e-06 0.000311537
7854 154909.0 -162160.0 0.999998 2.22461e-06 0.000352258
7855 159227.0 -162370.0 0.999998 2.16437e-06 0.000192288
7856 123046.0 -160405.0 1.0 2.80094e-06 0.000186745
7858 429268.0 -169045.0 1.0 8.02776e-07 0.000378251
7873 277621.0 -166746.0 1.0 1.2413e-06 0.000213605
7878 64666.4 -156571.0 1.0 5.3334e-06 0.000130693
7881 81099.3 -157744.0 1.0 4.25031e-06 0.000183857
7883 98119.6 -158882.0 0.999998 3.51242e-06 0.000256286
7884 14194.4 -152902.0 0.999997 2.45381e-05 0.000167035
7893 206949.0 -164502.0 1.0 1.6652e-06 0.00025555
7894 147611.0 -161787.0 1.0 2.33461e-06 0.000314541
7895 58345.2 -156163.0 0.999998 5.90841e-06 0.000221788
7898 177853.0 -163267.0 1.0 1.93766e-06 0.000216539
7899 100337.0 -159022.0 1.0 3.43488e-06 0.00022143
7912 37384.9 -154560.0 1.0 9.2557e-06 0.000101899
7914 101343.0 -159089.0 1.0 3.40071e-06 0.000249118
7927 97609.5 -158807.0 1.0 3.53158e-06 0.000139168
7928 515684.0 -169349.0 1.0 6.6825e-07 0.000329213
7930 74044.5 -157270.0 0.999997 4.65491e-06 0.000238602
7932 406350.0 -168861.0 0.999999 8.48051e-07 0.000405364
7935 3.16639 -13.8262 0.0523044 18.6306 17.4529
7936 314661.0 -167593.0 0.999999 1.09517e-06 0.000288254
7948 332905.0 -167929.0 1.0 1.03515e-06 0.000296257
7950 225255.0 -165175.0 0.999996 1.52986e-06 0.000364184
7953 212474.0 -164685.0 0.999998 1.62194e-06 0.000174644
7954 195931.0 -164038.0 0.999998 1.75889e-06 0.00018492
7957 139565.0 -161349.0 1.0 2.4693e-06 0.000211751
7966 137829.0 -161259.0 0.999997 2.50036e-06 0.000248838
7968 271697.0 -166600.0 0.999999 1.26835e-06 0.000372172
7969 165792.0 -162708.0 0.999999 2.07859e-06 0.000278462
7977 231922.0 -165412.0 1.0 1.48588e-06 0.000311323
7991 136534.0 -161181.0 1.0 2.52413e-06 0.000206859
7998 65926.6 -156703.0 0.999999 5.22845e-06 0.000229968
7999 174815.0 -163098.0 0.999998 1.97127e-06 0.000491991
8004 3.16636 -10.8971 0.0480611 18.8007 19.9039
8006 195452.0 -164038.0 0.999991 1.76314e-06 0.000320667
8007 90462.3 -158368.0 0.999997 3.81024e-06 0.000178694
8011 342303.0 -168085.0 0.999998 1.00673e-06 0.000308711
8015 204193.0 -164387.0 0.999996 1.68766e-06 0.000370789
8016 151492.0 -161964.0 0.999998 2.27494e-06 0.000168423
8017 312115.0 -167528.0 0.999991 1.1041e-06 0.000415039
8026 13068.8 -152809.0 0.999995 2.67633e-05 0.000154104
8027 280981.0 -166819.0 0.999999 1.22646e-06 0.000191466
8036 192730.0 -163916.0 0.999991 1.78804e-06 0.000375439
8043 3.16635 -10.4893 0.0468881 19.4623 18.8214
8047 383039.0 -168634.0 0.999999 8.99664e-07 0.000268646
8048 228206.0 -165259.0 0.999995 1.51011e-06 0.000185737
8056 18.7913 -140154.0 0.996732 0.0335657 0.0243583
8072 364231.0 -168397.0 0.999998 9.46124e-07 0.000237851
8074 313956.0 -167579.0 0.999999 1.09763e-06 0.000305633
8091 198000.0 -164126.0 0.999999 1.74044e-06 0.000431892
8092 221315.0 -165042.0 0.999999 1.5571e-06 0.000305343
8099 293368.0 -167139.0 0.999996 1.17466e-06 0.000288323
8104 72272.7 -157128.0 1.0 4.76847e-06 0.000394434
8107 308071.0 -167457.0 1.0 1.1186e-06 0.000258423
8109 501570.0 -169331.0 0.999989 6.87054e-07 0.000358017
8110 199775.0 -164167.0 0.999998 1.72497e-06 0.000544924
8112 91321.8 -158437.0 0.999997 3.77384e-06 0.000290609
8116 98436.5 -158897.0 0.999982 3.50103e-06 0.000294481
8120 111483.0 -159712.0 0.999999 3.0912e-06 0.000366045
8126 141472.0 -161449.0 0.999996 2.4359e-06 0.000371717
8127 120071.0 -160241.0 0.999999 2.87022e-06 0.00023828
8129 3.16631 -2.23326 0.0217734 19.6026 19.3839
8139 378954.0 -168564.0 1.0 9.09359e-07 0.000479207
8141 72284.5 -157149.0 0.999999 4.76813e-06 0.000262246
8146 8.06179 -113260.0 0.989677 0.124395 0.105364
8148 140692.0 -161417.0 0.999998 2.44947e-06 0.000250946
8154 264231.0 -166397.0 0.999998 1.3042e-06 0.000234543
8156 4.66742 -46935.4 0.674082 0.29089 0.280516
8159 170120.0 -162899.0 0.999999 2.02577e-06 0.000191303
8166 299456.0 -167222.0 1.0 1.1508e-06 0.000157499
8176 173236.0 -163060.0 0.999999 1.98929e-06 0.000245909
8184 177050.0 -163220.0 1.0 1.94639e-06 0.000417907
8186 46333.1 -155291.0 0.999998 7.43974e-06 0.000307155
8193 230991.0 -165379.0 0.999997 1.49188e-06 0.000270221
8201 490371.0 -169313.0 1.0 7.02745e-07 0.0002783
8202 71199.4 -157069.0 0.999999 4.84059e-06 0.000308546
8203 261503.0 -166309.0 0.999998 1.31779e-06 0.000435012
8214 325998.0 -167794.0 1.0 1.05708e-06 0.000422988
8231 112020.0 -159756.0 1.0 3.07652e-06 0.000253218
8235 486559.0 -169307.0 0.999999 7.08251e-07 0.000324619
8247 72010.5 -157115.0 1.0 4.78588e-06 0.000370833
8252 268843.0 -166527.0 0.999987 1.28182e-06 0.000297856
8253 232920.0 -165428.0 1.0 1.47954e-06 0.000198606
8256 1419.92 -151847.0 0.99997 0.000264522 0.000610165
8258 61142.3 -156350.0 1.0 5.63678e-06 0.000365463
8270 104717.0 -159262.0 1.0 3.29169e-06 0.000142128
8279 269296.0 -166540.0 0.999995 1.27966e-06 0.000332756
8287 397039.0 -168783.0 1.0 8.67941e-07 0.000315888
8290 721.46 -151724.0 0.999997 0.00119081 0.000521464
8292 279383.0 -166804.0 1.0 1.23346e-06 0.000277592
8298 4.69925 -47533.3 0.66594 0.245929 0.268613
8314 388274.0 -168690.0 0.999991 8.87535e-07 0.000273583
8316 301613.0 -167322.0 0.999999 1.14255e-06 0.00027479
8317 364771.0 -168399.0 0.999996 9.44718e-07 0.000425037
8319 186645.0 -163660.0 1.0 1.84634e-06 0.000358229
8321 218089.0 -164924.0 0.999996 1.58013e-06 0.000312233
8327 3.78666 -23674.8 0.508556 0.398322 0.45857
8328 8.98152 -121652.0 0.992046 0.112265 0.0698926
8332 3.16632 -4.84675 0.0321508 19.1613 19.884
8367 296033.0 -167195.0 1.0 1.16409e-06 0.000245099
8371 39534.1 -154798.0 1.0 8.72302e-06 0.000228225
8380 347732.0 -168141.0 0.999999 9.9101e-07 0.000490455
8383 402007.0 -168820.0 1.0 8.57217e-07 0.000233471
8394 164009.0 -162614.0 0.999999 2.10123e-06 0.000213995
8395 246597.0 -165886.0 0.999996 1.39746e-06 0.000279148
8397 185248.0 -163605.0 0.999998 1.86027e-06 0.000305239
8398 202126.0 -164272.0 0.999998 1.705e-06 0.000159389
8399 390785.0 -168719.0 1.0 8.81831e-07 0.00027638
8402 161032.0 -162474.0 0.999997 2.14003e-06 0.000303359
8406 125745.0 -160574.0 0.999992 2.74063e-06 0.000286347
8417 302602.0 -167341.0 1.0 1.13881e-06 0.000357598
8418 276605.0 -166718.0 0.999998 1.24586e-06 0.000208957
8419 58180.2 -156139.0 1.0 5.92386e-06 0.000361152
8426 361126.0 -168361.0 0.999995 9.54255e-07 0.000343594
8437 186537.0 -163658.0 1.0 1.84741e-06 0.00033942
8438 168278.0 -162827.0 1.0 2.0479e-06 0.000250168
8440 351311.0 -168221.0 1.0 9.80915e-07 0.000357489
8442 264336.0 -166404.0 1.0 1.30368e-06 0.000253636
8445 425467.0 -169019.0 1.0 8.09947e-07 0.000368516
8449 521290.0 -169349.0 0.999996 6.61063e-07 0.000351655
8454 53.4673 -147908.0 0.999398 0.0101106 0.00848578
8456 248428.0 -165942.0 0.999995 1.38716e-06 0.000279591
8468 130918.0 -160814.0 0.999998 2.63276e-06 0.000130696
8476 136449.0 -161169.0 1.0 2.52576e-06 0.000185617
8481 76104.5 -157406.0 0.999999 4.52927e-06 0.000195118
8485 29584.3 -154031.0 0.999999 1.16904e-05 0.000137292
8488 133775.0 -161007.0 1.0 2.57633e-06 0.000163234
8490 269754.0 -166554.0 1.0 1.27749e-06 0.000276759
8493 357324.0 -168307.0 0.999997 9.64408e-07 0.000363243
8500 151934.0 -162004.0 1.0 2.26827e-06 0.000201735
8504 3.16655 -25.3848 0.0735287 18.8759 19.9061
8506 3.16638 -13.7527 0.0536964 18.7375 19.5038
8509 160833.0 -162465.0 0.999998 2.1427e-06 0.000256099
8514 109145.0 -159575.0 0.999999 3.15747e-06 0.000318926
8515 168550.0 -162832.0 1.0 2.04462e-06 0.000211083
8522 42746.2 -154996.0 0.999999 8.07654e-06 0.000132804
8525 220105.0 -164989.0 1.0 1.56568e-06 0.000220021
8531 324517.0 -167777.0 1.0 1.06191e-06 0.000258629
8535 92253.4 -158481.0 0.999998 3.73634e-06 0.000168066
8545 72830.2 -157186.0 0.999999 4.73234e-06 0.000271723
8552 169681.0 -162863.0 1.0 2.03092e-06 0.000469684
8554 228744.0 -165289.0 0.99997 1.50652e-06 0.000376619
8557 205645.0 -164450.0 0.999996 1.67575e-06 0.000323549
8558 24170.6 -153658.0 0.999999 1.42921e-05 0.000204134
8560 492549.0 -169320.0 1.0 6.99638e-07 0.000306856
8562 309067.0 -167476.0 0.999979 1.11499e-06 0.000312307
8564 218862.0 -164952.0 1.0 1.57455e-06 0.000323088
8565 61343.9 -156355.0 0.999999 5.61813e-06 0.000405045
8576 92.7837 -149771.0 0.999973 0.00726373 0.00433814
8578 183614.0 -163531.0 0.999999 1.87685e-06 0.0002444
8588 246030.0 -165860.0 0.999998 1.40067e-06 0.000386354
8589 352749.0 -168245.0 1.0 9.76917e-07 0.000307664
8593 222191.0 -165050.0 0.999999 1.55095e-06 0.000447922
8601 4.13033 -33843.1 0.568729 0.317793 0.309812
8605 249396.0 -165950.0 0.999987 1.38179e-06 0.00019596
8606 311681.0 -167528.0 0.999994 1.10564e-06 0.000368406
8611 426213.0 -169024.0 0.999999 8.0853e-07 0.000372433
8616 48386.1 -155441.0 1.0 7.1239e-06 0.00030723
8617 23990.3 -153610.0 0.999999 1.44504e-05 0.000131818
8621 230509.0 -165364.0 0.999999 1.49499e-06 0.00030513
8623 65.1046 -148757.0 0.999658 0.00977335 0.00634748
8626 32766.6 -154299.0 1.0 1.05262e-05 0.000251012
8627 153811.0 -162109.0 0.999998 2.24054e-06 0.000238674
8628 267042.0 -166481.0 1.0 1.29046e-06 0.000322994
8629 153063.0 -162071.0 1.0 2.25145e-06 0.000314225
8630 205398.0 -164411.0 1.0 1.67775e-06 0.000478952
8632 173958.0 -163078.0 1.0 1.98099e-06 0.000413053
8634 74392.4 -157277.0 0.999999 4.6326e-06 0.000383412
8636 4.70261 -48658.1 0.662162 0.323799 0.210156
8644 67612.2 -156798.0 0.999998 5.09955e-06 0.000154766
8654 102434.0 -159143.0 1.0 3.36477e-06 0.000179578
8655 91318.5 -158422.0 1.0 3.77457e-06 0.000171918
8657 259741.0 -166277.0 0.999998 1.32674e-06 0.000287837
8659 3.16631 -2.39493 0.0226391 19.4108 19.8781
8661 3.16631 -2.22044 0.0217109 19.0627 19.9159
8663 26884.2 -153856.0 1.0 1.2849e-05 0.000185045
8664 296252.0 -167195.0 0.999999 1.16323e-06 0.00022539
8666 60599.8 -156325.0 0.999998 5.68819e-06 0.000237816
8669 250961.0 -166013.0 0.999995 1.37315e-06 0.00036754
8670 252950.0 -166071.0 1.0 1.36237e-06 0.000224478
8673 98684.5 -158918.0 1.0 3.49235e-06 0.000242163
8676 466959.0 -169221.0 0.999992 7.37977e-07 0.000477862
8682 176032.0 -163191.0 0.999999 1.95768e-06 0.000263759
8687 255641.0 -166122.0 1.0 1.34801e-06 0.000508684
8690 9816.41 -152518.0 0.999999 3.68722e-05 0.00011477
8691 117594.0 -160078.0 1.0 2.93055e-06 0.000395407
8698 229945.0 -165332.0 1.0 1.49868e-06 0.000209985
8703 514383.0 -169346.0 0.999998 6.69939e-07 0.000352862
8714 250070.0 -165974.0 0.999997 1.37804e-06 0.000435839
8715 223778.0 -165122.0 1.0 1.53998e-06 0.000223257
8720 199822.0 -164210.0 1.0 1.72462e-06 0.000210682
8721 245468.0 -165849.0 0.999999 1.40389e-06 0.000253949
8722 377399.0 -168539.0 0.999999 9.13116e-07 0.00018858
8731 106011.0 -159363.0 1.0 3.25077e-06 0.000408245
8733 220805.0 -165022.0 0.999999 1.56069e-06 0.000325004
8735 116110.0 -159962.0 1.0 2.96796e-06 0.000497753
8737 195.449 -150944.0 0.999942 0.00307585 0.00215377
8742 107763.0 -159380.0 1.0 3.19784e-06 0.00071135
8759 9868.3 -152539.0 0.999999 3.63599e-05 0.000125346
8760 120190.0 -160250.0 1.0 2.86732e-06 0.000284513
8766 176021.0 -163156.0 0.999999 1.95776e-06 0.000482927
8769 144076.0 -161591.0 1.0 2.39199e-06 0.000204288
8787 328408.0 -167837.0 0.999997 1.04933e-06 0.00022257
8789 133242.0 -160994.0 1.0 2.58653e-06 0.00019755
8795 94429.2 -158609.0 1.0 3.65046e-06 0.000147879
8796 70205.9 -156990.0 0.999997 4.91042e-06 0.000174916
8797 14684.7 -152954.0 1.0 2.35655e-05 0.000256885
8799 365233.0 -168407.0 0.999999 9.43524e-07 0.000417858
8801 16731.2 -153103.0 0.999999 2.06486e-05 0.000290378
8802 196807.0 -164087.0 1.0 1.751e-06 0.000383723
8811 49387.4 -155516.0 1.0 6.98153e-06 0.000207673
8812 317730.0 -167631.0 0.999997 1.0846e-06 0.000201753
8821 255741.0 -166156.0 0.999999 1.3475e-06 0.000236564
8824 304722.0 -167388.0 1.0 1.13089e-06 0.000342582
8825 507064.0 -169331.0 0.999999 6.79611e-07 0.000240305
8843 31844.2 -154221.0 1.0 1.08418e-05 0.00017726
8844 112760.0 -159802.0 1.0 3.0563e-06 0.00026051
8847 141180.0 -161428.0 0.999999 2.44093e-06 0.000399692
8848 20971.4 -153407.0 0.999999 1.65175e-05 0.000161834
8852 306353.0 -167424.0 0.999999 1.12487e-06 0.00030317
8854 126873.0 -160638.0 1.0 2.71634e-06 0.000224574
8860 5721.96 -152255.0 0.999999 6.44358e-05 0.000169379
8861 388832.0 -168698.0 0.999996 8.8626e-07 0.000287507
8864 3.16642 -17.0766 0.0600323 18.5606 19.9192
8866 49.2427 -147634.0 0.999588 0.0112434 0.00908901
8868 3.16634 -8.00295 0.0399691 18.8332 17.6391
8877 3.99518 -30020.6 0.52393 0.339128 0.278007
8891 147580.0 -161787.0 1.0 2.33512e-06 0.000273222
8907 321015.0 -167711.0 1.0 1.07349e-06 0.000370076
8909 37926.6 -154673.0 0.999999 9.0969e-06 0.00018658
8913 116197.0 -159968.0 1.0 2.96574e-06 0.000496572
8914 398707.0 -168792.0 0.999997 8.64308e-07 0.000389576
8915 112585.0 -159791.0 1.0 3.06103e-06 0.000286425
8917 339397.0 -168035.0 0.999987 1.01535e-06 0.00029326
8919 48095.3 -155393.0 0.999999 7.16602e-06 0.00043244
8924 293075.0 -167123.0 0.999999 1.17583e-06 0.00040031
8932 26.6392 -143826.0 0.99805 0.0235462 0.0162862
8935 282698.0 -166867.0 0.999997 1.21899e-06 0.000441322
8939 7.28979 -101049.0 0.959488 0.209584 0.124435
8940 125428.0 -160479.0 1.0 2.74819e-06 0.000116925
8949 34780.8 -154443.0 1.0 9.92065e-06 0.000195499
8951 495385.0 -169324.0 1.0 6.95632e-07 0.000284812
8953 66985.4 -156741.0 0.999999 5.14809e-06 0.000137316
8954 336883.0 -167988.0 0.999991 1.02293e-06 0.000241276
8967 432832.0 -169073.0 1.0 7.96166e-07 0.000316992
8968 408776.0 -168881.0 0.999988 8.43022e-07 0.000243986
8974 114016.0 -159829.0 0.999999 3.02247e-06 0.000517307
8979 531371.0 -169349.0 0.999997 6.48522e-07 0.000306476
8999 132449.0 -160956.0 0.999998 2.60198e-06 0.000220919
9002 3.16633 -7.05063 0.0389139 19.4992 19.7816
9006 149318.0 -161875.0 1.0 2.30791e-06 0.000328639
9013 457170.0 -169206.0 1.0 7.53781e-07 0.000306292
9022 387450.0 -168672.0 1.0 8.8942e-07 0.000425972
9023 38522.7 -154706.0 0.999999 8.9481e-06 0.00037171
9024 177667.0 -163256.0 0.999998 1.93969e-06 0.000208976
9025 85270.2 -158027.0 1.0 4.0416e-06 0.000349093
9030 111919.0 -159740.0 1.0 3.07945e-06 0.000192854
9033 124433.0 -160420.0 1.0 2.76943e-06 0.000618795
9038 216454.0 -164845.0 0.999993 1.59206e-06 0.000426896
9040 190828.0 -163846.0 0.999998 1.80587e-06 0.000305696
9041 295477.0 -167165.0 1.0 1.16627e-06 0.000460598
9042 3.16631 -1.7261 0.0187797 19.4184 18.1579
9046 191549.0 -163875.0 0.999999 1.79907e-06 0.000320909
9051 1636.08 -151896.0 0.999872 0.000311891 0.000285595
9061 332314.0 -167903.0 1.0 1.03699e-06 0.000434876
9064 156136.0 -162217.0 1.0 2.20712e-06 0.000387849
9065 182866.0 -163496.0 0.999988 1.88452e-06 0.000247862
9076 248427.0 -165926.0 1.0 1.38718e-06 0.000202497
9077 146906.0 -161708.0 0.999997 2.34604e-06 0.000147856
9094 144753.0 -161636.0 1.0 2.38072e-06 0.000302727
9100 240878.0 -165700.0 0.999994 1.43063e-06 0.000359545
9106 212615.0 -164718.0 1.0 1.62081e-06 0.000345725
9108 264038.0 -166388.0 1.0 1.30514e-06 0.000400766
9110 242555.0 -165736.0 1.0 1.42077e-06 0.000187912
9111 25938.5 -153788.0 1.0 1.32982e-05 0.000303772
9116 52910.5 -155769.0 0.999999 6.51444e-06 0.000307542
9138 89336.5 -158285.0 1.0 3.85755e-06 0.000410689
9139 291617.0 -167098.0 1.0 1.18171e-06 0.000341961
9146 483312.0 -169294.0 0.999982 7.13009e-07 0.000289628
9150 161947.0 -162518.0 1.0 2.12794e-06 0.000320787
9151 391603.0 -168720.0 1.0 8.79992e-07 0.000239655
9153 148229.0 -161817.0 1.0 2.32494e-06 0.000226314
9156 87.2822 -149601.0 0.999825 0.00739942 0.00468893
9161 45531.6 -155237.0 1.0 7.57266e-06 0.000227918
9162 294181.0 -167157.0 1.0 1.17141e-06 0.000344764
9165 160225.0 -162420.0 1.0 2.15079e-06 0.00040231
9168 138372.0 -161265.0 1.0 2.49069e-06 0.000167992
9169 59505.0 -156231.0 0.999999 5.79189e-06 0.00037324
9173 299769.0 -167282.0 1.0 1.14958e-06 0.000273062
9174 122254.0 -160336.0 1.0 2.81881e-06 0.000473611
9176 89401.7 -158297.0 1.0 3.85477e-06 0.000377465
9191 51653.1 -155680.0 1.0 6.67327e-06 0.000291922
9193 246162.0 -165862.0 1.0 1.39992e-06 0.000398395
9200 4.23971 -36998.7 0.600289 0.407331 0.276988
9215 160488.0 -162429.0 1.0 2.14726e-06 0.000416896
9217 436624.0 -169096.0 0.999998 7.89252e-07 0.000305023
9218 216404.0 -164816.0 1.0 1.59242e-06 0.000537059
9226 358569.0 -168319.0 0.999999 9.61063e-07 0.000236548
9231 36.0948 -146262.0 0.999945 0.0178022 0.0116158
9236 196996.0 -164099.0 1.0 1.74932e-06 0.000354492
9238 395681.0 -168762.0 0.999994 8.70918e-07 0.000392285
9243 381134.0 -168615.0 1.0 9.0416e-07 0.000309966
9247 61114.8 -156343.0 0.999999 5.63925e-06 0.000386272
9248 286275.0 -166947.0 1.0 1.20378e-06 0.000188809
9249 351309.0 -168218.0 1.0 9.80924e-07 0.00024687
9250 15281.8 -152981.0 1.0 2.27758e-05 0.000160543
9255 261878.0 -166332.0 0.999999 1.31592e-06 0.000238242
9257 28130.3 -153947.0 1.0 1.22783e-05 0.000181569
9259 84485.1 -157933.0 1.0 4.08094e-06 0.000128465
9262 256383.0 -166165.0 1.0 1.34411e-06 0.000423034
9265 217248.0 -164892.0 1.0 1.58625e-06 0.000329443
9267 136058.0 -161145.0 1.0 2.53283e-06 0.000405412
9268 141437.0 -161447.0 1.0 2.43651e-06 0.000371482
9288 430101.0 -169054.0 0.999999 8.01222e-07 0.000296818
9299 278777.0 -166785.0 1.0 1.23614e-06 0.000360259
9301 137985.0 -161265.0 1.0 2.49748e-06 0.000334757
9302 194826.0 -163999.0 0.999998 1.7688e-06 0.000407906
9313 3.16635 -10.6133 0.0474536 19.062 19.6809
9315 132158.0 -160944.0 1.0 2.60765e-06 0.000266895
9324 4.74664 -49407.5 0.673359 0.268589 0.240793
9327 57639.3 -156113.0 0.999999 5.98074e-06 0.000225892
9328 238827.0 -165640.0 0.999999 1.44292e-06 0.000309274
9329 141817.0 -161462.0 0.999999 2.42998e-06 0.000398803
9335 96051.3 -158650.0 1.0 3.58777e-06 0.000662511
9345 368148.0 -168426.0 1.0 9.36052e-07 0.000499816
9347 171933.0 -162999.0 0.999998 2.00434e-06 0.000313289
9353 68972.5 -156916.0 0.999999 4.99757e-06 0.000218587
9354 22468.5 -153495.0 0.999999 1.5445e-05 0.000130085
9375 157943.0 -162222.0 1.0 2.18184e-06 0.00068568
9380 52584.3 -155743.0 1.0 6.55742e-06 0.000186647
9387 104815.0 -159303.0 1.0 3.2879e-06 0.000331584
9390 369521.0 -168468.0 0.99999 9.32575e-07 0.000368251
9417 4.58781 -45594.4 0.641797 0.370032 0.205428
9430 278317.0 -166755.0 0.999998 1.2382e-06 0.000195843
9440 3.1663 -0.67444 0.0120384 19.8632 19.886
9449 282953.0 -166890.0 1.0 1.2179e-06 0.000255741
9465 470633.0 -169251.0 0.999996 7.32217e-07 0.000402377
9467 50182.3 -155529.0 0.999999 6.86774e-06 0.000486627
9474 188889.0 -163751.0 1.0 1.8244e-06 0.000394378
9475 77609.2 -157516.0 1.0 4.44087e-06 0.000268082
9479 224972.0 -165147.0 1.0 1.53182e-06 0.000184869
9483 120571.0 -160250.0 1.0 2.85817e-06 0.0004182
9484 20724.7 -153350.0 0.999999 1.67965e-05 0.000117604
9495 175191.0 -163143.0 0.999998 1.96711e-06 0.000209764
9497 91008.6 -158412.0 0.999998 3.78676e-06 0.000328949
9512 192551.0 -163884.0 0.999999 1.78979e-06 0.000165142
9515 153548.0 -162094.0 1.0 2.24439e-06 0.000230209
9517 1642.8 -151908.0 0.999965 0.000340622 0.000266248
9528 3.16631 -2.2265 0.0218066 19.5116 19.7114
9542 71716.2 -157108.0 1.0 4.80584e-06 0.00027789
9548 234773.0 -165507.0 0.999999 1.46784e-06 0.000303779
9549 236847.0 -165571.0 1.0 1.45498e-06 0.000359767
9566 351189.0 -168210.0 1.0 9.81256e-07 0.000416112
9568 140.451 -150382.0 0.999373 0.00391338 0.00315577
9582 70062.4 -156976.0 1.0 4.92075e-06 0.000164132
9585 28.3208 -144199.0 0.997508 0.0223884 0.0151486
9588 98054.1 -158878.0 1.0 3.51476e-06 0.000258663
9592 79263.4 -157621.0 1.0 4.34874e-06 0.000189311
9597 26809.4 -153846.0 0.999998 1.28895e-05 0.000173031
9602 97728.4 -158854.0 1.0 3.52638e-06 0.000308489
9603 288489.0 -167025.0 1.0 1.19453e-06 0.000268778
9610 84929.2 -157977.0 1.0 4.05771e-06 0.000461891
9611 59586.5 -156246.0 1.0 5.78601e-06 0.000187858
9613 194019.0 -163967.0 0.999999 1.77621e-06 0.000200926
9616 3.16633 -6.80327 0.0373156 18.3811 19.0111
9620 241134.0 -165703.0 1.0 1.42911e-06 0.000400021
9621 399360.0 -168802.0 0.999998 8.62897e-07 0.000261757
9624 205492.0 -164433.0 1.0 1.67699e-06 0.000405018
9625 110897.0 -159681.0 1.0 3.10778e-06 0.000205824
9630 472310.0 -169261.0 1.0 7.29618e-07 0.000260946
9636 4.26368 -37280.0 0.57281 0.322957 0.228977
9639 6.99852 -95637.8 0.932937 0.227584 0.129558
9648 510038.0 -169341.0 0.999994 6.75647e-07 0.000276728
9663 102044.0 -159132.0 0.999996 3.37728e-06 0.000279956
9667 243285.0 -165778.0 0.999999 1.41649e-06 0.000240511
9685 77396.6 -157487.0 0.999997 4.45389e-06 0.000175293
9686 16708.7 -153097.0 1.0 2.06667e-05 0.000322273
9687 114189.0 -159888.0 0.999999 3.01807e-06 0.000246433
9694 146610.0 -161708.0 1.0 2.35052e-06 0.000449828
9695 76696.8 -157424.0 0.999997 4.49513e-06 0.000148898
9697 294901.0 -167165.0 0.999995 1.16855e-06 0.000392305
9712 238633.0 -165631.0 1.0 1.44409e-06 0.000342549
9713 255668.0 -166155.0 0.999995 1.34787e-06 0.000352195
9716 187700.0 -163671.0 0.999999 1.83595e-06 0.000509447
9717 71316.3 -157080.0 0.999999 4.83275e-06 0.000286438
9724 1452.71 -151855.0 0.999976 0.000598554 0.000258375
9726 44389.4 -155153.0 1.0 7.76632e-06 0.000275076
9738 297382.0 -167221.0 0.999992 1.15881e-06 0.000235237
9742 252459.0 -166065.0 1.0 1.36501e-06 0.000276317
9745 203494.0 -164354.0 1.0 1.6935e-06 0.000203566
9747 109124.0 -159571.0 1.0 3.15831e-06 0.00020246
9749 87344.2 -158156.0 1.0 3.94647e-06 0.000166767
9756 289717.0 -167054.0 0.999999 1.18946e-06 0.000339356
9758 153718.0 -162106.0 0.999999 2.24187e-06 0.000288688
9772 56245.2 -156010.0 0.999999 6.12805e-06 0.00030701
9773 146325.0 -161700.0 0.999992 2.3551e-06 0.000414559
9776 348450.0 -168176.0 0.999998 9.8897e-07 0.000369438
9777 414819.0 -168938.0 1.0 8.3074e-07 0.000263978
9781 263416.0 -166381.0 1.0 1.30823e-06 0.000284442
9796 275871.0 -166699.0 0.999993 1.24916e-06 0.000421785
9806 401060.0 -168820.0 0.999997 8.59238e-07 0.000337565
9810 54591.1 -155844.0 0.999996 6.32086e-06 0.000122613
9812 225449.0 -165178.0 1.0 1.52854e-06 0.000391544
9820 41353.2 -154887.0 1.0 8.33449e-06 0.000477119
9828 136813.0 -161204.0 1.0 2.51894e-06 0.00024549
9835 13.4487 -135142.0 0.99675 0.0579152 0.0348285
9837 57882.3 -156130.0 1.0 5.95586e-06 0.00021335
9838 89305.1 -158281.0 1.0 3.85989e-06 0.000157805
9848 150032.0 -161910.0 1.0 2.29692e-06 0.000342407
9850 178212.0 -163281.0 1.0 1.93371e-06 0.000377063
9864 415666.0 -168947.0 0.999994 8.29045e-07 0.000337577
9870 437218.0 -169099.0 1.0 7.8818e-07 0.000284917
9871 340247.0 -168035.0 1.0 1.01281e-06 0.000438675
9873 453951.0 -169176.0 0.999998 7.59128e-07 0.000225541
9880 408561.0 -168866.0 0.999991 8.43466e-07 0.000209032
9882 17351.2 -153144.0 1.0 1.99811e-05 0.000181094
9884 123190.0 -160420.0 1.0 2.79743e-06 0.000345227
9885 291860.0 -167105.0 1.0 1.18073e-06 0.000283067
9891 109680.0 -159610.0 1.0 3.14221e-06 0.000226096
9897 7.78181 -109809.0 0.993077 0.155252 0.117807
9900 62107.2 -156433.0 1.0 5.55004e-06 0.000239519
9901 38577.2 -154726.0 1.0 8.93759e-06 0.000274794
9909 3.16631 -2.74519 0.0241992 19.4306 19.7082
9910 15662.8 -153027.0 0.999999 2.20843e-05 0.000254221
9917 96337.5 -158765.0 1.0 3.57749e-06 0.000229884
9924 1215.43 -151838.0 0.999866 0.000487669 0.000348481
9925 9.7384 -125784.0 0.995061 0.101234 0.0575058
9938 53.3955 -147908.0 0.998999 0.0111582 0.00801316
9942 32799.4 -154300.0 1.0 1.05143e-05 0.00027169
9943 50595.7 -155600.0 1.0 6.81253e-06 0.000316794
9948 204213.0 -164396.0 0.999997 1.68751e-06 0.000272442
9949 222833.0 -165095.0 1.0 1.54649e-06 0.000327248
9954 147178.0 -161751.0 1.0 2.3416e-06 0.000188804
9965 68750.8 -156902.0 1.0 5.01335e-06 0.00025471
9966 202634.0 -164287.0 1.0 1.70064e-06 0.000532961
9968 284671.0 -166903.0 1.0 1.21054e-06 0.000496623
9972 321393.0 -167722.0 1.0 1.07223e-06 0.000280009
9976 347199.0 -168128.0 0.999999 9.92542e-07 0.000185054
9978 266849.0 -166460.0 0.999999 1.29139e-06 0.000426733
9983 215919.0 -164795.0 0.999997 1.596e-06 0.000542677
9986 322225.0 -167737.0 1.0 1.06946e-06 0.000328035
9987 265974.0 -166447.0 1.0 1.29565e-06 0.000243981
9991 275604.0 -166681.0 1.0 1.25039e-06 0.000187944
9992 82042.1 -157765.0 1.0 4.20048e-06 0.000519055
9993 467526.0 -169241.0 0.999999 7.37085e-07 0.000247505
9994 111187.0 -159702.0 1.0 3.09947e-06 0.000315675
